910991	141035	429959	979268	22404	957400	71155	401419	959640	288675
760127	483736	334806	620882	923980	724515	325030	260667	405240	347213
817745	481128	758031	299008	381303	681230	555902	212735	530856	529982
595588	561619	361298	924998	854528	293098	358418	362480	344100	279034
550290	601284	726707	678982	844398	533731	909916	734503	321322	854282
796855	946718	710990	590591	975212	746983	196298	89321	85535	306322
420388	562259	820016	374106	218494	152798	846902	375846	563672	791354
664987	210431	625911	201670	848539	288694	691091	435237	603540	949317
630378	461953	714619	402034	897408	741200	103415	895158	27981	470450
28856	219941	987492	206517	446126	59782	714750	78626	780157	648885
943500	263249	459503	528338	923827	250762	781840	371738	400730	399609
376650	799183	684950	488348	506322	353977	145003	759006	958872	219252
451011	431401	773396	856473	702843	490755	545397	315435	268733	717989
818449	827094	395720	315170	329893	179073	553482	383961	292230	937100
657015	188358	871053	551422	512369	748199	334169	579521	684084	357824
573923	504825	870370	528410	193356	201900	473148	839709	872620	358423
68739	174369	61932	595842	141216	775893	193041	302095	645356	569964
225212	466443	2463	611872	132972	989454	312460	906829	691468	290430
746106	433115	279291	726362	739533	171025	429763	222611	826717	23633
947710	145215	552931	666516	570900	930263	526311	116034	77210	425702
955537	26204	710761	589248	473746	913050	13080	661129	298596	836178
563758	703726	303367	920085	562509	327616	403969	698784	729754	3532
950642	945694	962026	871421	672565	110874	50905	577395	814423	280934
659920	217956	682803	328984	299842	823970	908751	66025	319576	990367
518131	406642	817714	359007	103360	234013	296524	433501	174247	273595
320028	338113	239239	689078	877793	433109	82082	569720	941515	208279
5737	425392	805930	410975	774872	199079	158638	710529	673009	87210
573666	164123	132700	882750	323785	220394	27333	315960	292786	741668
264423	245189	771226	436007	922757	749852	732646	803578	508546	326086
58963	842837	267320	580444	83697	612264	990091	541492	750470	293862
135052	917691	971493	197674	182515	631432	624498	936576	52117	834193
471637	235364	362014	110222	238111	683776	775611	918871	99708	446741
241677	663986	276430	421449	884201	868646	228619	721962	12287	920094
439767	857712	48438	659392	375170	460759	218814	350632	312531	801672
20383	341892	832176	989251	630946	507564	434108	248835	659808	348383
168565	943541	104642	644112	499706	159406	459465	534847	476964	35106
159499	367020	335401	440603	612814	955272	695996	277267	188105	337239
479186	386017	814210	110233	101131	954402	928954	913150	829975	620916
755987	952409	824089	685900	952576	223489	775736	204612	628937	164753
517054	474313	981446	286133	208295	842233	658734	61484	549596	563156
482869	607845	397975	934668	816137	65716	133096	204291	783953	739515
826037	285393	599654	752082	324574	612120	106363	922237	372646	886225
893556	945824	151118	848587	647396	323201	124857	462032	763604	423486
274038	131	874265	254081	862751	132733	794748	564753	700555	325748
258380	936024	520676	782827	618090	670459	763474	897951	238030	566848
36140	734208	917783	74178	393493	316747	307189	795168	110543	862090
557268	666344	90720	752229	666943	828989	868041	618614	935611	985904
455773	299687	839706	614370	912243	66447	480877	664218	292628	648309
620863	981927	304385	205090	933723	892316	353566	937789	690189	831182
729939	312933	716624	800065	604671	614547	262904	748441	567511	475039
257256	275071	877185	123906	484859	20311	936228	555491	200301	719844
820690	512755	443408	592242	758512	350514	502283	873390	901590	432530
190594	463730	608469	85128	49036	471150	967312	819682	2271	591137
32492	157264	784480	85481	226321	199137	467955	967513	802957	927524
157978	426711	100655	467766	304342	661573	710895	887549	147125	547289
977542	350552	27783	569015	157004	106882	731942	12410	625402	399175
721345	979370	144597	308700	775629	824754	806729	379275	913677	530663
129547	633249	292202	828638	850306	31334	170693	435794	218256	240143
714893	261119	407229	740906	900216	775365	675585	478406	225819	298225
965542	711997	215516	280570	309937	62851	541676	751947	658019	118479
643574	26163	865528	689927	888948	165995	407002	768475	997580	104763
218318	624967	618160	287267	291737	170156	256796	295517	380167	413809
852612	994907	876916	737077	714264	328037	702936	147078	484600	477924
674700	715201	538305	598241	906037	353770	484397	717813	202184	934315
272532	821811	505564	856809	459855	732528	796397	846386	811092	366048
360384	477286	544947	680435	975096	492329	338377	696469	825789	876792
946022	283959	672377	674206	888491	68502	539793	270595	679538	465154
547802	851823	930262	82491	263037	101050	735532	771050	362311	971318
909729	838652	340208	741570	589024	715236	685023	658534	405630	793202
598958	261724	154085	732133	397231	667247	219538	345548	109324	967327
140229	706841	679303	909883	973111	146237	337902	445261	241910	621310
512176	120705	505209	316795	215831	592366	76914	147760	37148	577762
415871	193283	325030	955384	956127	991325	122518	120839	583647	943528
873465	321281	327363	654933	730439	838361	3518	926333	158157	151229
418056	982136	316266	984642	812042	941920	134019	447992	589947	232127
393628	225588	215668	396569	613446	631874	830371	44331	745475	889278
528193	900489	354262	413279	953926	673455	487076	44407	344836	426426
689522	363764	690966	424315	608608	563585	993621	400467	871685	465517
966957	587120	418841	895402	645350	602584	855365	384486	685430	812206
430388	367303	438979	33616	121529	497135	496777	961830	801175	658225
972767	130002	534407	410262	503885	727212	266106	938823	993602	403852
672656	874586	390117	125747	346369	377871	978703	407516	936069	383981
221415	106735	935372	32173	716757	443119	109327	427451	424679	110234
665406	952916	463518	444867	953249	329908	887508	588058	241542	522892
248823	132846	265984	836032	903862	46248	115780	717897	515725	739838
703239	84391	847202	181081	395366	652074	135799	697400	544547	772991
935752	307242	526708	405112	221205	557551	294585	696902	125814	91838
74471	233375	742195	778576	881357	76399	37210	369430	94978	578505
857826	674543	774112	969004	333896	116996	563086	256521	657747	635811
59746	938501	473138	788205	589831	610499	876111	379076	950014	715248
956324	124085	406120	140054	893336	320594	340375	203752	66961	79687
351058	453225	992404	358261	133954	526317	118666	930998	603498	497945
91724	329420	42316	674854	632308	190267	16496	999131	98601	178301
245523	706065	229293	686075	497548	367198	603257	194336	937008	672045
113225	486093	608450	648572	19758	609447	966103	102621	153581	846504
360174	733764	707118	250906	433458	926207	66785	929401	151936	275831
302536	124477	509664	133875	906911	849912	600927	319558	492711	724387
645494	123796	339551	349769	451891	490102	169771	148250	199910	840849
103796	6908	628647	226324	45746	193374	527788	227041	689776	411315
734591	588112	891933	237788	974245	840214	358897	804629	795649	179758
505996	133625	476813	461954	878275	678856	775304	998221	325481	818563
87979	647220	971149	465501	337257	349323	171934	362137	554321	591083
354794	774926	137592	341833	421615	108086	510809	455532	835028	844021
388219	98649	455777	262953	714165	79809	121433	217822	472808	664806
634892	370666	791964	572791	836399	580794	74413	814039	394132	384377
353696	890128	614018	340377	57827	174693	670383	217284	622014	492103
831768	816691	18320	827964	628190	109206	754338	570487	626395	241937
133694	629356	371419	344732	888557	576469	385184	992234	880296	805221
913381	576559	743487	191936	787255	8166	809064	240490	535710	857638
975227	317422	535754	769235	317917	558806	647519	975981	816113	92470
251011	593592	825166	412129	581401	406701	554664	423859	883307	239687
841723	213479	340530	832965	208103	146543	783059	324120	197866	718479
660970	762024	412931	474865	169411	355418	407254	897962	745825	534669
671388	226023	127968	967894	341883	75069	616979	869388	274983	560150
368508	610050	388904	411018	765400	680489	979478	357104	523678	32878
478043	719787	399838	192285	187312	917355	790231	762109	682776	283870
971539	854267	203648	597148	802769	59555	114024	661376	688731	873963
306166	864941	329027	436363	479740	100191	780807	404232	283181	945326
401202	546925	361015	728805	242570	165729	91776	39444	351018	903119
931728	55530	740059	376343	667037	196664	126660	456360	480453	618217
508321	666033	19448	810170	630746	635075	177387	60558	927650	480638
250482	952901	938594	608324	917260	440544	306868	596799	218476	156036
783745	49237	798457	614609	948804	381282	923190	296966	982706	542635
100096	200399	160210	608728	667686	772430	216327	587638	503694	797230
529429	704607	381033	532222	113826	903956	439189	260526	579830	422618
281206	394642	643112	752793	186410	40843	770252	162209	689892	941316
113183	580798	828898	691036	391139	966693	958875	405177	85978	57575
985765	78385	412373	978323	828090	831141	339745	898054	413569	30458
499164	596712	72621	811620	325843	929264	517453	319674	541706	850273
554929	605378	286200	246185	320844	478399	689758	350229	392967	358910
194112	294119	610247	131005	830503	452481	298741	881008	303671	708331
989368	56517	706819	234205	133327	61382	417391	232304	329017	621856
724932	184884	884799	600258	722239	265129	289573	692698	962914	600260
724895	728381	505550	868646	464166	734166	940122	967014	214516	945827
921346	370478	481919	93672	308354	992523	659809	295441	28334	315162
736278	695373	663141	465720	662001	852120	820645	512861	16687	754096
383607	440841	585561	155037	368771	296147	323961	353437	810418	523699
682318	672404	676327	830028	861733	707409	617439	472339	327367	824110
515942	401766	259634	356190	360838	315699	433048	992322	200181	698097
483704	448659	413211	799880	901995	452841	648303	198048	28801	559843
669003	486858	584087	435254	893506	802858	231744	99463	320253	322262
144522	808656	21446	41742	834566	734982	97754	870203	75670	393508
210515	711692	304970	526644	511831	178633	653900	757542	432913	319174
53059	395607	701198	646098	56848	781357	571418	687071	972624	20507
57350	774267	729178	600032	134726	568137	916665	898505	188873	387037
348354	991765	51460	890079	973565	665728	379464	483510	779985	159474
890838	700304	802328	191348	374125	999260	451841	294933	264163	944513
228378	236907	232936	385700	241363	369030	140606	302137	881767	875464
583566	639851	904404	362827	409769	913101	712514	767948	791313	61269
245847	163167	751886	59085	403324	927279	707609	452975	975144	863206
195845	214176	757568	774685	280150	852961	827091	312753	420938	332927
342756	102207	175745	977197	547192	349918	837394	887487	915489	516131
564496	830913	79569	1523	944233	753563	701754	191906	819782	903088
444679	411721	978625	154450	290690	900794	517951	804547	827322	296459
700141	495581	844267	217890	28387	313829	963236	553283	45568	222921
770679	632643	136802	634349	580758	934264	621522	772311	203782	519245
204935	951229	286810	331754	956403	328242	868411	967826	236301	424532
397809	686052	243560	595230	239555	33837	85623	418690	582376	731066
365638	338754	286749	53896	438991	351072	564749	984317	691675	75781
117427	856744	219816	226580	808876	508451	258197	382435	726964	949742
620912	812219	144468	678655	82360	73661	689025	621782	449839	987544
40419	58163	705644	792533	557237	747524	634812	271251	27733	704519
865866	417730	774670	448058	626499	311811	927913	949869	164302	201827
443499	462807	168993	530854	472306	433470	590032	604612	327141	38915
321494	604479	8214	509619	16986	554157	193746	476160	406392	575258
150478	862597	668767	570757	127158	972874	262160	184130	726398	124324
353216	404368	65455	807333	34332	691982	710413	379688	758731	387968
353014	139763	212031	423407	159313	510208	717266	269796	514770	423207
145633	392151	251106	926704	206851	767228	3614	144921	975517	892390
903189	595123	225555	898411	113179	17702	988146	846236	647827	370535
65665	404371	245111	331136	77288	520709	99485	38414	230340	546377
27892	11183	556801	944803	274757	932971	373187	2792	585207	798653
180656	585598	850322	597531	640443	858643	127394	494455	242638	567135
842291	60814	31912	577926	419398	13609	280567	335946	572307	899459
164094	590104	962168	609135	558165	756254	518478	707506	529073	25143
692288	655303	934826	705027	510547	913464	589227	810696	899327	813841
444441	917526	493880	680858	175197	100260	314525	271372	41557	875016
608695	241646	963190	896079	66629	164307	991887	128216	913545	138858
793757	370754	107978	11667	85855	204529	546672	705462	373789	375308
681815	798265	932051	407335	59066	113644	707621	329704	292115	950732
911102	894781	716317	754827	472266	835799	424606	477149	819956	479632
959362	421146	472174	421677	996588	460496	549888	990179	376727	688662
968485	282877	280013	325561	802835	334601	700840	512497	339994	255535
106298	622027	846053	251454	820502	162341	583756	974261	46178	15343
969801	220051	543948	487142	142022	846395	64896	936455	607137	694062
145446	493331	932900	681658	50882	916683	7843	848676	567341	319348
841319	819742	376161	796629	795770	489195	494111	864029	211868	481814
111834	982027	842744	539698	981438	566546	779869	539106	700382	847626
743486	57675	516129	681221	673046	157106	935681	634001	753400	244294
493533	100759	843280	568854	218844	171726	42266	142750	70045	316030
720158	345162	568813	329208	105032	666891	960065	48214	923570	20179
125008	204375	925141	815575	806377	908584	750148	279651	324655	886739
252881	60603	62318	921969	795938	817245	9172	154031	632261	522549
622776	415878	954403	248727	438522	967565	557145	621698	579384	531513
503516	982665	756367	74886	651029	38033	154860	154127	446457	960333
309762	60376	191814	752959	963363	800086	337003	27595	542644	986184
531630	15029	724922	905423	640661	547470	331114	841213	57486	891770
564587	27631	501740	345455	939142	491482	861968	302703	703692	240506
88206	398817	306927	715825	777023	425047	42849	773455	935260	734624
46967	279032	862909	773417	181551	935813	853021	224500	676926	499651
290657	693966	991018	60054	558457	341323	844098	880469	955908	666351
530838	650499	439694	906113	288336	421624	115756	306412	322061	334929
150003	109642	640306	767398	135123	211691	19452	880684	339580	453457
404611	741752	583485	201124	332929	717530	110935	191689	434668	169061
701333	305078	868406	598556	711765	326497	941966	102892	598552	127921
323643	39903	903856	373770	665395	943844	16900	825839	44908	235320
678432	645951	178947	983987	254232	272343	998325	451270	362610	18079
326558	692091	959667	268424	915676	683130	301387	188179	358162	585297
305162	329863	954759	591264	546379	732030	320594	273062	665511	872641
390233	839037	611939	610451	784311	187742	810168	97933	559669	633877
70643	691749	874213	105243	738221	296539	487130	566342	407978	41117
322689	94309	186427	655908	508650	903616	366404	607432	287075	805348
718227	653987	522559	425512	479706	272106	912414	712118	102914	739496
62648	533551	704687	591014	240486	913037	598349	217773	944286	50114
366219	224886	365224	516176	4347	768804	721369	239228	572025	804223
17154	261574	798718	53624	676990	605365	842598	886025	508205	99123
728046	290027	678410	599083	133803	939418	588250	808920	294097	862880
126554	179067	765019	722942	578354	495616	294255	854989	16542	910850
169366	868626	393787	435100	428635	18969	137280	957937	576426	614177
284377	245250	513801	591659	44853	215101	860231	578947	949083	67359
17440	545748	416724	274323	748850	489069	703234	396028	68621	96176
260602	59324	352590	790521	507920	195376	905915	342205	240609	679293
628526	302850	57355	679462	240034	595612	599915	387479	714956	245184
697260	362866	430882	282679	743949	333615	241562	371438	341746	881760
114419	494897	949910	458975	202139	758149	709059	493748	139184	452156
868535	847062	961558	954279	351854	755716	43475	159627	845493	754200
50827	792573	996448	64820	536655	887042	888939	21605	838479	416350
203948	57043	700067	157771	305927	934219	124106	44739	676462	589569
40692	111929	383741	701903	444109	115641	530919	96227	422280	961015
850940	892074	289892	971998	343070	544463	774278	235160	405469	320613
946733	983998	179146	865074	150782	57912	301562	135010	839223	459172
697313	22755	460053	807876	917288	148200	355439	175201	715018	703207
399292	392594	995049	250347	664131	561362	862302	567823	51501	586340
472631	318262	198109	144657	565408	65169	310940	255166	759414	39988
908189	221781	499675	247010	507695	902387	905083	78183	28549	837797
661462	691067	500078	144722	234717	228787	420910	857144	621448	795813
191578	176040	171877	243438	754156	382960	330674	562775	415989	80215
560707	269312	985511	267084	649762	330089	184563	55022	39977	321477
410401	221018	680598	196465	931423	682500	541926	761773	255433	898897
540500	576358	23305	960214	447719	622465	150552	353407	528744	807116
995650	33207	842300	835632	772924	568352	319313	9951	446254	574807
157071	157683	632332	62809	376772	44340	89615	376304	961239	75479
751387	552231	503040	977274	87123	516243	639070	192004	405994	109210
672269	730759	125330	543648	247311	964073	554806	504548	228984	855234
673518	370146	60545	582762	979523	148539	638639	673585	982025	49609
532001	201316	527484	372447	695746	41351	506275	721321	556018	810100
662700	949406	344987	231526	968667	752410	453688	210940	464552	574366
653945	651814	802054	169081	132032	521271	113637	917408	577538	195341
748007	93421	818281	517356	451665	963697	267925	852732	949904	423474
212796	619144	434495	914105	244786	105404	202238	400478	183875	830841
533290	600728	913147	20697	262412	979124	454960	610767	757549	514286
638409	674941	179893	998193	254843	266314	888336	162237	888219	584002
23826	681338	777759	520637	831659	726977	997696	111861	382327	74198
476850	803995	158113	93220	32096	737220	590034	389660	517151	159008
519088	13753	685020	566948	913086	499428	762957	56347	159606	762342
466354	463971	476377	767239	215409	337952	563500	990778	416312	122297
827369	16427	9774	783073	294367	924208	573742	934763	584927	67624
998227	4966	350229	281220	236236	821198	231529	450613	306886	779358
618637	345008	170063	112801	355496	547371	329027	688460	102011	925391
655853	101425	519403	854832	944626	231360	182525	592328	495045	118306
862669	511391	196593	934869	402667	833506	548431	387209	496313	790791
667956	793060	920996	74709	415467	240122	100730	173044	843089	296456
388361	604887	362307	971184	232603	190468	788829	130818	30253	996879
793619	601343	70038	429230	665625	515344	99279	220043	38196	994998
472360	136533	568360	993412	3846	848043	503356	996419	550898	785984
45373	944362	790280	898979	829401	772151	775216	594104	33908	685711
456092	19771	202503	335961	693606	939213	867197	348022	307728	629106
859992	176482	887610	871121	77169	39911	949790	645305	412772	133343
300129	396310	599259	728284	257529	931657	463451	139933	537414	802759
684410	85362	219383	112275	504786	302253	447772	428927	833173	299578
137422	793730	184153	890847	578140	818529	273082	684464	130243	515514
708365	95450	248155	650485	905707	835140	231107	586307	862	910635
547087	903736	393380	437608	281907	305941	422958	972062	906125	903892
981817	390623	487436	93590	66937	218228	2422	550096	526102	305268
312120	142476	40381	38761	75903	627565	522848	768673	854137	227896
400366	831069	832433	98824	193710	101109	686263	928925	760040	311489
526455	303868	220540	439623	288628	624460	697363	461906	734148	141861
328497	953857	657988	180706	760674	662992	422740	402127	378463	333181
574088	380006	426131	116785	145379	987472	847201	141426	381057	577693
600586	831175	494444	447118	679066	416187	226653	523241	235399	491353
218054	94082	599024	168788	182300	893899	311522	287137	873931	623522
3946	851198	693616	397913	184841	581623	109009	858854	462674	723230
809546	71794	814980	645045	173149	859479	7168	324141	618787	671651
875783	411137	680103	550303	451389	420004	25051	213437	850486	974087
958701	174488	984453	738153	428411	235895	783151	546432	383302	58649
377271	705769	770003	416515	301814	679521	710204	279309	185439	949112
448212	533920	187851	304752	578392	166841	57133	181496	825536	494357
192333	987640	901624	839752	837087	342828	144386	514641	467423	589256
907285	569312	350928	12558	478481	307446	12054	170654	326602	330240
92925	365100	288296	809967	7	798698	201951	287788	889214	516865
695209	31431	555969	969668	642948	381062	733969	268400	349328	474852
880464	827094	402428	110696	588431	27007	205232	665521	76916	235477
332471	152472	968771	42208	464877	504239	255529	926923	541490	336423
676458	923329	567340	315256	693412	490501	760534	114524	376157	30243
312041	82187	496811	660968	915921	766668	647144	618481	570690	249620
952741	325967	675237	601411	530873	946788	897352	501583	343802	410815
326934	538042	38805	528018	302917	903621	691937	953527	608275	707976
645907	496083	400995	591476	176989	940829	784400	852336	567185	263705
18831	425504	463341	966396	61442	149651	298932	763272	818970	36572
437274	189064	825779	941493	154390	484499	625770	65971	976414	931291
19819	567161	864105	881138	361278	879750	823541	677606	491862	913377
41144	728719	497519	660660	134716	132850	383104	924531	276007	439317
695193	341388	866396	960141	856664	585314	209894	275708	582653	356362
67405	542774	466711	237096	384322	762987	113062	132293	429349	7241
155762	215115	797714	567808	857244	266386	954127	595071	378062	459766
693272	865270	391382	773667	880529	863054	264665	212100	677657	188980
239850	83765	506151	93685	131375	809944	173246	786631	135272	646609
788095	617535	899874	156540	191648	633919	121765	457206	840881	432777
535073	218817	854334	331450	872611	58906	474497	595579	254284	867601
737081	972098	57576	550581	4354	269397	309465	770204	835110	864306
873003	263740	209952	903005	802537	925123	245725	294401	380971	333203
488503	423374	183143	383015	250661	524001	506819	115366	92980	600455
274288	975111	680945	814246	392952	426515	656788	703919	40436	225749
346998	586823	122381	640139	492448	670800	664552	791886	780080	552778
256117	266397	552156	764177	907872	641492	362811	1286	870251	482750
840259	376717	249025	373189	819657	624709	674495	503894	698222	318175
573298	562698	612542	672050	505900	808654	258160	32548	242875	540291
887835	504261	421263	590634	667092	962619	362460	635576	530647	781737
146832	849781	95512	869833	315444	780533	325559	59746	253307	290573
431388	620315	868894	632277	167661	992466	952576	470133	122842	318800
734589	963208	925403	766377	940500	162073	705582	56629	764977	158339
61044	552141	359867	356341	743581	751159	277874	540237	720892	549363
87587	343156	471707	498552	361798	836355	41951	442458	871189	539332
43248	244731	148316	941006	314102	822921	904369	144213	471645	444883
574265	721345	137802	826775	257656	659039	325816	222543	618851	481210
406939	452435	25435	787743	437241	643305	751250	18523	710607	108553
682635	170689	334677	725227	820862	281907	150594	446903	781902	653844
894597	695394	533863	719991	635254	987578	317116	721392	554211	748120
802204	100896	794667	291722	928998	860409	780863	179660	292919	119698
702979	110700	298050	340933	959104	541750	258400	957284	533966	417427
555861	327546	231981	523829	315825	98396	981411	562321	441090	968857
294699	233971	887417	392054	507545	52217	477989	739224	900922	364411
540770	806670	127902	579456	538477	106996	937644	707119	469587	72629
657728	527143	187679	899056	373853	392473	280167	108734	589783	544340
984375	502469	751284	903193	351969	73700	371189	351559	108564	549867
338389	505384	296798	408951	255923	487860	451014	163549	613575	823862
726474	762408	286008	197766	760257	57345	571698	293106	447833	587489
815999	991422	877481	136917	866451	116821	235820	621854	121124	233204
123853	214282	615897	946219	756772	527372	175259	198943	964498	679651
592934	331872	893173	982635	420446	71926	331613	450914	110748	415116
410123	217933	192051	340726	160946	431992	321034	112551	824418	902524
802174	417068	534278	990331	607075	831231	470684	605355	562307	421678
267880	306569	351111	644565	805990	444580	411468	293386	591448	50479
725624	457275	818875	300690	211340	807505	810329	353442	407629	678892
105900	905264	759171	887270	972823	120194	38558	326029	2884	999690
80001	120423	90946	468632	453509	147076	566011	958353	694374	66861
206352	273078	186175	125768	381732	977283	782403	262015	854740	631521
378063	194083	351870	592059	174840	549464	420303	579472	726849	257600
771777	646244	583258	503047	481465	851261	429694	22407	121214	528383
61403	612737	503419	1220	568729	997056	340986	645189	111238	946353
869094	742667	892316	629788	917712	638470	980527	580890	98501	211318
171307	823944	248690	473115	283032	282497	867718	646471	870592	669814
2655	946225	647711	366443	372777	905435	368208	912588	928027	938043
606103	135665	665084	630131	802184	257578	82504	111558	835931	144302
157995	41327	813884	649149	977084	365335	545112	270228	253253	311567
14838	425622	420125	420599	823652	792858	925042	563611	116458	321303
985695	299549	965585	14953	186334	451289	191265	401686	791321	472508
108449	940150	989591	858255	152634	354487	314342	121953	489268	712894
899020	555580	396507	651334	74852	678598	244890	261800	522716	22260
225799	408263	988626	834087	680938	477267	636930	956016	41401	381966
2080	19784	205505	171367	967246	923693	22343	445457	267655	95764
335914	343977	922773	874193	976639	475509	226133	658778	51649	251926
767366	387327	751463	308035	840088	294883	118033	702649	357522	282499
322882	141521	826647	757424	615779	82364	283898	418154	461562	113244
106202	855228	835356	490859	341346	802542	281887	304865	982744	569018
993916	222473	101397	511750	996366	387554	635335	19217	955291	717832
732922	70817	587986	356502	348313	657037	944250	566995	358123	139341
379615	639340	942549	805359	593711	794315	299015	839007	733766	209570
576331	444838	432343	628892	856506	631913	315427	683867	374466	211067
136129	585996	195952	403300	637988	934816	115920	183166	31448	375569
605310	480158	379067	428152	389352	387870	405588	501862	326785	371967
326828	345786	889569	704113	131009	22412	812550	566990	931536	994618
930718	573109	526982	934936	82606	839683	776663	277420	392413	579456
850603	546876	872149	791861	737121	791567	541412	602803	759906	863392
764211	383049	881558	158782	208052	511540	982731	612457	193064	930163
453226	364008	444647	868768	336465	46256	713688	435004	339858	26049
834354	940189	233478	219836	109707	187834	322062	308774	829983	902132
923225	450459	450855	605679	139903	847460	494287	698375	992117	729309
704066	596556	829753	480048	572427	62528	357944	577758	907773	456553
819253	911354	253913	361756	634725	25362	509463	603772	498772	813699
814308	121680	534984	596570	740217	801325	290093	555645	201296	456203
576569	533672	304597	809273	506589	39108	475585	543825	167885	490852
97878	207530	450508	288721	562429	663305	888740	148284	16184	723500
318482	701463	583771	207797	857402	581567	526675	578351	706454	738581
40767	415034	756503	885606	167038	746740	688644	375960	383871	353252
241811	908153	104843	270991	615742	510287	574974	133891	42013	618533
384100	63595	850858	425820	244971	304318	560307	723452	472967	843886
845697	954329	667221	283022	509854	99887	474377	85352	86856	59507
97031	526333	375949	502282	607048	60348	528169	951128	716036	822700
916330	178316	108110	901439	913674	589317	881343	253801	560724	358381
787402	604518	12529	604650	357210	460081	225364	10585	526988	486033
774539	915657	499322	515305	931524	96632	283968	265776	999360	907121
79655	756225	732819	154099	34883	844173	756083	869564	871112	71585
313591	377822	604642	588231	107755	672884	794114	742956	654730	190929
858118	455944	341590	60837	139852	519851	903471	104525	319306	31468
327437	924334	554413	992069	967363	456103	989258	285343	97201	341791
430167	159040	488838	253672	330201	58997	96	413045	483781	916819
494332	904923	785179	15358	365468	357725	441202	68900	646587	391849
151919	762377	635970	532549	877175	61029	100228	64261	352332	842282
425841	672595	769488	577114	638705	948865	37458	164293	494180	762025
526260	212169	993356	145002	84348	820366	274710	612910	910466	947745
526115	451561	743258	840277	331276	805590	944980	65939	570760	454617
207352	469928	557082	664766	351682	608796	539466	120006	661069	764268
114249	746059	524971	296108	578611	903395	551007	85786	680470	305853
507322	306405	442516	609848	403330	887247	193019	137521	21849	298206
611037	755922	465588	845863	122399	921296	623838	343045	856679	50398
622691	710937	461809	714804	241438	401710	284747	790011	120455	963546
276650	435565	867575	48240	144473	397179	204123	825425	348191	273150
623268	457035	104364	9316	91955	916929	116894	956123	737024	961576
367322	155498	101942	479644	904186	93394	656979	271883	818423	902431
272696	840309	756378	676587	309948	248224	872443	556743	840313	560466
96764	663820	596144	511120	842080	644243	405115	765748	801253	521897
35298	885712	868920	570577	450781	755513	972207	793093	852533	333737
174923	677113	285668	320695	303379	213305	304506	807026	690882	408981
623206	295295	544961	161988	347260	148243	54033	980791	195498	522972
700900	144700	75639	253097	148780	307555	884029	67026	143845	503284
453375	180550	784624	800183	204140	907430	588819	4916	340687	836392
291942	194493	696558	395695	596157	228318	807004	879759	790203	545696
75376	679554	42336	82305	719318	47609	746828	142440	526768	112579
136745	992165	292556	843485	173387	835914	476344	59399	879037	856484
760437	397963	478235	721615	645634	814706	11180	644645	495129	564831
148640	375713	650903	550120	356308	442828	601699	197326	532168	421875
805050	811824	635546	881534	197837	62465	991029	138253	223560	695606
170672	474761	363261	34340	649807	986537	157322	324055	840823	634868
339456	327197	212106	46367	321223	583816	978863	706403	187864	889417
89445	34325	164889	616483	927894	510305	366504	938500	802240	564215
540321	529524	640734	375299	554247	515292	336076	190801	634774	484183
157097	113828	421796	511696	238271	782436	927209	272572	18316	87901
625975	89211	941341	287801	931388	425938	95326	609411	378949	736613
291637	377784	286002	1155	641518	403676	602371	428420	66169	713634
986721	839413	223232	446415	147290	870068	271406	919641	227201	384295
333438	807554	220303	633927	985621	53083	953996	473442	930773	733822
884875	387983	909182	702042	548785	903782	156404	16871	63648	789306
308947	301705	35175	427025	8764	389222	249217	689163	936609	497021
469265	80220	211847	947409	115489	290828	416782	409873	636213	193047
420441	923549	476318	962779	109074	209990	732297	911077	665931	80975
322069	212744	621726	216980	245776	327358	179782	598123	19079	599922
85531	598401	998937	971914	197361	139062	971037	300045	125558	163
19880	428460	429043	222996	759237	308391	696814	804862	709425	263838
834548	744437	450232	654941	46139	848045	245779	845782	746000	72292
234576	398840	896746	57313	13578	787691	990251	594152	386233	709133
552756	541978	208000	500421	708133	933638	396972	31401	627183	750
300588	46734	678428	329097	478417	852824	111062	272269	924184	638570
918270	69783	743547	421876	979911	65405	700682	581199	824371	223392
197813	946556	106431	259178	974679	470408	355873	221478	464690	599085
639033	660463	275766	743969	508763	555659	691124	707179	114777	715538
931378	209045	592979	646949	199447	461068	739817	5733	229491	637043
516085	82201	45472	231567	162093	405554	312544	380950	823165	9969
272306	231061	889301	498260	366465	545893	215736	848190	603485	643729
608261	283072	632073	187557	129027	331902	924306	424208	800430	428426
29548	54610	903677	505985	286514	90930	861708	250398	740332	419137
169377	297644	49493	232386	168784	116696	476094	389252	152752	970472
273514	269454	103154	846645	106581	48939	346476	123422	658259	353808
886399	712389	176796	849678	280463	974879	693518	198269	677703	797531
243640	837768	159268	824613	258809	390826	415660	909077	867358	132123
681769	173274	456998	295638	981808	276052	835794	512832	263020	935678
100325	817117	897327	740291	882697	981069	822390	542266	915381	385007
381013	698913	834631	303134	334081	988424	89169	20669	739598	99647
164765	774750	90555	81517	414702	922941	690340	146255	233588	527170
194719	496363	556362	919805	567354	20597	528370	23959	658666	97814
744181	823711	661513	291008	203703	820122	228822	898972	417028	632349
54095	461385	425766	314238	300723	935085	361121	1403	462307	688038
428786	827294	191434	834242	386788	850633	201518	759521	927478	832520
902664	651432	452869	338723	155683	981026	525051	342150	437335	297635
784722	145073	20240	686659	916284	473409	222063	101407	819974	679765
534946	244313	450797	468888	224116	915444	542634	808987	744020	962015
664261	985988	177805	868661	648025	877364	408701	574670	641262	326497
285119	197558	73109	788958	421254	201368	212123	740253	735885	621170
76348	270777	561443	914449	379280	871524	349177	694948	586691	330137
654680	483231	240256	457441	93281	134093	36208	97505	995129	905886
810638	976988	608005	807907	891882	495730	939577	424005	794896	752168
653442	278763	876456	383738	303992	888824	799414	714130	204779	713873
384425	565118	217387	679555	106758	49479	513262	242898	128848	793064
247881	545684	395198	755888	973032	852699	353641	152405	831812	889295
996472	522616	358191	741348	77418	272225	718866	879364	342268	381976
510428	919999	833303	676342	43477	287625	593489	506524	376521	395965
376894	57859	686216	301601	484167	186478	41924	270111	970554	713346
879582	877806	602852	218250	848848	578549	390458	407672	34532	639879
397892	833787	635447	379463	20374	323214	36741	167891	921005	257747
104629	937833	963262	839388	938363	663276	119270	282093	194144	337151
284822	215939	213786	912620	544035	945018	448628	449225	800980	581014
179638	508231	177832	991503	826323	926360	789630	332699	254007	293411
429007	591994	504565	874328	160324	443631	978446	406652	437080	410051
644687	194665	7654	87308	599853	259517	436875	556465	445035	812416
216941	23073	165980	723415	220248	533173	802950	497816	342936	364803
313697	495245	55465	685449	61364	117833	592545	907055	807369	156248
57279	939877	374395	655781	677351	155657	70964	561262	146027	730534
73326	873253	858458	445504	798701	194746	534371	737851	101091	342316
663488	872349	681093	993260	979363	50317	12964	282871	519355	945678
88126	962676	911453	507552	572534	712779	614875	343728	718111	796307
875185	364107	221485	299322	571064	326802	58206	745624	758375	157105
364591	716526	170521	127793	866720	92059	150430	675757	468675	741326
623363	869978	986216	899518	111	179188	292062	246416	341797	317374
917607	969134	829233	492614	898902	283915	601216	262127	783739	880130
671833	428844	688261	970102	796822	590656	261236	316926	83791	362864
507451	480738	297908	969078	954381	957974	210506	622882	803247	938449
808296	587845	687298	170651	596626	931986	373093	81228	335154	242704
511913	140754	319540	135872	442880	271567	976758	542929	681121	455764
496446	202650	700637	543706	425829	941086	16220	448298	944294	398600
780450	98486	688171	540285	55538	561204	957154	292181	454262	128314
426653	8799	435779	583773	286677	446126	252910	303431	158920	467701
752666	106392	439233	572018	671529	579832	350963	823146	710392	363241
361162	746959	254374	414528	484465	877938	202154	945621	576262	216317
615855	603860	37702	331377	593454	299681	214684	851194	207037	974428
204711	166047	586276	470342	732260	21738	377487	627399	937429	200376
139699	744058	289402	93660	662919	297634	48859	890441	671045	359200
258277	216648	372644	505772	235847	362761	41004	802948	895782	261374
786310	454805	71526	308047	445669	705715	839414	861632	424981	908403
744334	307404	834648	60516	616852	348313	74230	619083	401508	335431
204214	236590	483673	457618	334280	464894	365976	633279	905772	724174
959877	869108	685075	521936	689112	216051	957420	773170	218395	904247
331903	254446	601921	308673	897407	846983	836435	362448	948155	605614
379804	595830	224926	188847	303714	944459	932618	734305	545833	683398
358641	638748	984430	217299	76984	850838	669514	815405	898954	330761
349484	482339	194923	466346	739639	303715	801857	979486	391728	919401
142675	925019	268664	609229	910879	461785	231531	606634	697237	639160
532752	208013	937931	416785	13148	746488	322446	400558	689038	195956
508769	233179	621446	275697	624729	226856	559121	205925	145164	773865
731378	637145	86917	393553	369461	366504	707060	825273	956658	740568
902586	277184	368398	316919	505702	753078	725787	130408	110025	217477
883980	138550	535030	322493	522075	167426	511798	487366	339708	351971
916560	457546	25982	528589	808245	855224	995675	399962	399110	658960
834497	134708	881747	233455	355038	469821	404689	721377	86514	542904
4430	367651	127452	20797	609802	586181	899343	807601	614775	720334
581318	233753	59148	484373	80853	646103	482179	911281	945866	123924
375493	193876	857401	685111	674673	166559	957260	822463	61230	926994
157439	738438	280512	11024	274477	133048	190819	727674	82224	519108
133138	613201	992611	311971	210098	276775	775742	93210	521946	783037
859574	957370	508121	790386	621849	685545	171839	300232	355852	522500
771958	929503	672287	70031	863562	673871	491945	985613	844417	877796
127209	162387	112568	283574	567921	418612	348609	977927	183879	663001
6262	786680	58718	710314	222816	353216	334066	761942	534245	54518
887222	262936	877857	105452	912539	432473	665172	116477	723155	733323
644622	709495	725573	603758	169913	96278	308591	999599	439907	670767
383892	768114	425344	279100	347885	797663	475550	90590	26781	191468
268583	254625	145698	437106	738135	924547	616206	553598	809364	948120
47420	832300	843676	486669	533383	727459	314280	779305	121407	763594
311225	501597	190542	418103	134664	613144	825461	200322	567231	568970
276491	116489	526954	689959	649673	97982	232663	553176	885204	346911
708219	207118	118880	812796	334335	831710	60064	101682	208723	939253
201381	529264	840145	751677	841781	682319	219143	530468	157374	448763
436620	162142	578774	313598	462859	897862	621940	319108	743592	668023
874454	611636	478947	814321	877396	969578	325074	845458	935379	913677
988977	378031	896601	879702	371314	280781	132776	705987	772785	542952
564399	18539	256592	626660	665321	317591	278810	416623	292782	20594
45783	554682	87932	997462	733187	759808	965440	892210	503056	466667
568323	372613	43886	268274	755531	914814	26496	568491	45247	765923
954716	935736	962590	100500	41873	529395	10141	806477	848519	286540
599991	306617	907517	433577	598835	326642	146015	948288	800251	129533
127356	335380	413599	442626	192261	404934	581410	460214	929322	940186
864265	736750	7206	498454	31758	918874	649902	943854	416174	952980
373955	164880	930819	589497	189848	328020	138316	121635	630766	264241
927145	889142	845709	381744	784995	49720	521856	274832	185941	374821
888966	110202	640725	175596	301007	131677	544642	699685	297107	726522
893587	277374	808914	827837	72945	532691	900867	267104	476722	716731
531114	703831	305978	508320	758771	850643	722726	693226	54183	496952
335667	818954	323811	255191	924617	779317	958966	5381	123440	126282
167207	797982	411530	256050	432483	341267	105639	653119	921929	431357
547521	327781	17641	483277	44381	8247	881061	700616	156610	138528
302691	521774	335323	138567	84797	809952	263329	30892	98908	797031
760044	372363	659799	471131	711716	567522	784965	513502	388665	356753
662712	72353	637200	994767	490995	931533	92049	565514	139773	837929
434203	894592	626862	955769	248286	78409	200570	63546	98050	466222
749344	512424	375042	115161	366042	848521	475357	345533	102764	418295
426555	335504	688343	588515	759338	45756	424669	932295	98765	846367
924676	913816	84898	202470	235765	82588	228163	184623	800272	96753
388659	703192	323542	527916	872953	902762	342712	672194	251439	875177
655686	861526	646426	90718	581779	783960	960468	421620	814478	505596
482589	769486	810478	154839	281023	21710	695289	437673	265865	87141
342403	267498	573365	738701	878699	851994	414792	757115	925152	969081
663432	744644	870825	246422	444863	910559	409666	118064	279441	336071
939098	904342	364420	402784	944195	897363	421881	723369	96479	65844
477884	154003	103117	213945	610454	3520	615145	730818	67158	37876
646670	941032	25776	684769	201677	429383	317764	777299	473405	619698
510008	399493	9600	615807	997713	231855	383699	392301	975874	990099
479921	638846	969387	253402	459516	566221	842712	918986	598076	486410
265148	474899	841641	764058	68946	673767	982940	431150	211931	606351
476798	697758	226600	179943	369834	239772	82988	511409	232128	518519
619903	98618	585571	543640	650596	597230	622792	516343	542006	305084
679610	326938	600285	7157	955020	181898	351672	427908	487718	134324
218026	194191	776343	717432	957132	428259	375182	972299	997402	325486
249779	427915	68500	52939	52313	607210	853535	669760	137082	349463
723023	858642	432788	785831	922946	697949	719927	760080	237312	149825
788293	133110	688627	328528	990111	481990	161436	602602	572771	672709
934347	135151	585735	880355	830927	606556	663731	897408	56861	422811
226199	997662	205545	329471	71441	919596	577448	666487	541474	290052
168750	94050	856688	231776	748549	393456	66177	87085	807	22677
733469	810190	658673	722713	442564	828991	109332	41611	399995	146590
621296	490982	761624	882322	364215	46153	519519	340622	154726	274053
297543	513425	397352	449298	923804	473499	741556	586640	448206	408701
534857	798168	821493	17694	67535	651925	95653	895361	735330	357952
147122	541727	154439	178300	794096	858308	260430	310305	233368	933141
641912	835781	745253	520127	997052	733325	887346	739558	351429	374242
162743	885256	815313	543214	880112	238106	755774	324644	420257	285802
421130	38270	741445	44355	602232	565248	732428	254373	815379	424624
744976	95956	362426	165684	884050	290942	963441	966566	108699	644387
171178	681192	252024	533604	913797	897926	561588	958579	521177	635817
57242	698689	425316	72562	554548	124658	913712	588214	792196	962371
126713	590392	795838	239848	338841	814684	583030	691953	826107	519417
314891	132426	767333	120259	346380	851640	143945	237583	682216	214728
20965	506151	905168	777720	466862	814254	735833	401828	198779	881287
686049	196752	874249	812692	425971	558766	217826	347508	95270	153663
311147	930163	461796	581120	136157	417249	646678	491829	890284	272055
145255	59679	419374	346406	249410	738652	517349	12155	817093	928589
381302	430613	889027	758718	129418	245922	948459	366263	138774	930363
585313	65024	653706	37514	158167	177706	57869	587278	396825	410188
492006	189955	250400	611148	335720	40876	312112	258154	160276	905282
470967	524779	264049	179426	36860	777635	432296	457211	308195	338537
881045	684387	615033	656930	600928	288843	939268	515744	724201	235516
823255	869734	987917	973062	86208	634421	494913	452898	230559	215092
692698	50571	802464	248951	831514	918701	753332	448659	11821	225395
998617	998309	46965	654851	79968	866024	664228	364102	458461	165265
678862	779666	559291	897001	874258	122775	265298	338666	967561	355706
379658	938336	882260	816581	330693	471787	603524	52423	208354	198561
67289	546335	661395	312959	136168	42876	378514	410312	341181	596353
728818	678866	855765	203074	672195	273268	402471	618349	507503	492335
422439	625500	79895	7356	111412	338037	65202	50338	214165	579634
941026	314128	174689	245159	263277	321093	621462	1007	551522	567445
964882	830569	859081	439064	751409	542430	298938	619190	169639	475336
729333	42003	143762	398108	501486	555911	123017	482663	346848	620213
240565	940731	474604	975156	967238	672402	254094	203924	373842	227190
634864	98524	725697	801560	559819	930805	790443	967214	213886	560508
311641	547030	109609	952508	230955	349924	439961	601051	259077	785386
139928	770961	312018	321208	799063	833274	955273	559411	962151	277273
965429	770697	290249	714315	797479	851050	384309	145096	869924	280780
684351	105096	678759	11496	126247	812230	369608	274486	837813	428801
188408	909075	245345	260468	938405	427302	344146	916639	934830	765761
328672	771668	682014	567639	861309	230252	730816	712997	555997	492176
504360	880437	82256	452885	210509	800353	741232	954662	933241	458981
748544	22705	191314	724441	479199	13882	870755	360672	539155	951370
785059	145357	914600	621028	284932	701926	170444	276044	567614	858035
94218	968423	995578	445080	864053	874075	479424	241709	304768	515781
853791	804625	550996	117221	42390	404784	375364	336947	960795	490497
874339	91117	986440	190557	658594	570868	216556	609777	49432	751637
776180	235069	391339	258902	419013	84850	450265	668453	869385	97683
208459	476263	754758	252678	332553	690382	523063	449412	189119	968640
197903	270400	982102	351223	508470	845819	264143	407216	460800	158382
321347	460506	490258	786635	305082	283106	380183	188426	145372	650518
105378	800721	985767	841385	158984	622505	220843	444743	163126	867458
227138	3165	195880	582725	975550	518617	706813	588548	339292	140748
481484	618250	223189	261303	121363	336481	825914	285808	282796	290131
610345	864325	196928	57422	457998	328122	161817	894484	296773	573925
955368	239326	659546	539172	160353	394793	233381	815894	804659	559137
387788	55662	341204	736386	462060	204202	531756	515722	47254	128830
230505	228741	723255	84381	161230	102107	162388	709516	326739	628109
473673	321282	370254	374261	815204	501098	743324	719064	171679	575745
971351	441334	747527	492245	973345	143655	403562	958519	903348	467891
937418	883595	373149	540557	459811	991948	209534	228770	543780	486051
984352	951571	638940	837727	645248	194706	836149	125025	828098	572242
149014	931348	978706	510671	229164	58657	993255	158255	349445	113182
157298	540128	579846	775520	689262	940087	989977	6307	621922	97449
163743	25708	884620	720901	701839	496543	865065	696825	495095	821059
646122	145511	543624	690831	388419	526827	280831	20649	163041	644997
754304	93193	1420	542386	613049	150314	974862	598070	110187	722058
166727	688412	113122	911165	773244	293432	641357	506630	625376	694403
330276	163824	641934	587406	630784	716093	786434	254280	988171	402295
996014	749593	779897	601509	16323	257012	320873	968652	998696	324221
286951	549871	109184	888931	717142	116851	138820	438697	53260	86958
843495	133458	735325	959905	354986	516842	567682	783765	48732	339787
744430	142647	308365	405155	427757	492492	182301	507843	96064	377112
408696	561485	357171	585631	181295	785347	332456	728459	847544	667779
275246	823344	474064	341720	548691	331400	35555	386091	745551	673518
60193	255733	229111	364964	492993	768707	508455	986791	39683	141771
676923	45560	474782	839639	618637	102180	735405	33839	717733	753716
491486	437937	70048	696108	956684	961781	460120	395994	914999	281836
755380	603882	729040	852148	549894	888180	736957	297072	729686	498548
815355	559487	260682	403469	456476	278240	562020	383424	350991	535100
952997	645719	39396	499456	338980	437970	880107	868945	405350	908949
848611	166322	762157	559351	531950	97012	436850	572546	760046	727007
46616	479354	261687	310271	469055	750028	536825	370077	258061	850115
575377	140567	798368	120830	839617	966383	213389	818416	66870	868109
567288	27813	758464	541813	439041	693466	320853	902835	188577	65646
990203	127488	606365	385434	674930	562643	160158	972248	454317	31324
869647	324526	560157	979904	486801	210662	407378	383579	901345	270178
865737	84349	440747	50469	497936	967305	67325	777342	64160	744844
371140	457344	699560	653602	624585	846234	995846	254222	90877	486860
860649	216210	682869	775975	637768	50994	125117	161367	45595	14628
501618	304322	988594	7096	825899	535239	982130	613764	33076	554202
412061	64362	338110	8182	696959	695823	342637	53652	406472	634961
862270	302301	238586	505148	930744	322300	493425	427074	576100	93463
347831	890878	521916	564251	630554	612030	613525	955103	204220	247015
744206	795714	509221	322310	883575	656295	552719	924260	636459	540995
776596	313460	359659	351959	596210	535780	46121	956753	170127	730171
39702	870620	249853	467311	783194	21344	556469	647218	199042	123833
118047	191176	906473	841369	655526	243434	961547	799271	245338	487641
3803	250055	705765	835694	596	184116	130896	931252	538749	799722
396400	507165	897786	218485	533803	133567	368444	119610	119195	691242
79705	555152	46439	990266	451285	309236	893977	465786	115583	612325
689789	354583	387822	444567	436024	442126	358427	937676	403230	299376
553234	885329	647820	819753	430442	507691	915411	763650	317150	393911
760516	251956	576850	383416	150339	139750	931499	486930	420296	300235
951957	214525	14952	26648	73705	475071	520375	620992	32999	208458
826499	720641	3408	215156	259668	88104	152832	488678	834672	358375
971763	576554	803213	831706	35353	309513	719355	761016	402252	189738
135221	880533	277356	918241	699375	403061	545664	8961	917998	331525
315612	443533	498124	427841	440430	608940	502449	817428	149829	295834
26371	494510	603408	162718	335041	951714	20075	799582	459310	503483
991588	61897	807991	421693	971310	628485	201009	743193	514194	97192
94686	295349	285629	470618	59290	574568	713771	693556	182272	837573
291241	660863	247838	481275	78008	991567	19975	158175	512522	647743
972149	914795	151085	558695	368747	589174	591407	533230	412157	536823
802507	640081	516617	879548	389731	947414	947026	453516	699005	185779
202901	482153	695761	697174	631085	294892	464903	358111	699066	918980
643371	179173	650768	688949	956684	811276	292807	429486	989697	41471
100201	839243	695145	887607	159358	411790	229422	68274	797359	845429
652502	197738	444646	118070	879985	10234	67593	528049	739569	54122
772469	585065	935962	793487	591883	972921	944974	291545	575014	897089
26230	527761	777309	843154	634896	708421	305578	63918	663910	864355
684933	163272	375806	48907	370428	178184	902177	988652	163044	920431
76137	352516	67565	962213	29168	816315	573719	175768	699120	533509
405337	523586	17189	346019	288551	847215	358888	754037	528527	684945
706908	478421	95671	550274	190208	105304	476790	693362	138845	869100
110806	457680	430834	351782	370642	344315	160155	90827	999259	810116
589074	109595	530417	399808	19321	850159	149335	410621	729194	175449
92385	565055	812994	139722	146453	969641	565065	482777	776395	19828
940759	330312	559207	69906	690019	715415	5408	752284	364238	994399
627074	770769	657794	599094	493990	331538	999933	817230	275993	746112
844043	593702	877421	969501	809669	392607	158717	625358	836285	915647
128281	990602	960941	430724	850810	196148	967530	566012	266827	349473
466909	758247	850502	911119	643697	901	247717	773886	383966	416714
370635	864341	332115	441268	441163	27775	696816	88382	863640	994498
636442	845448	293171	505962	116284	865324	576496	784616	554958	281470
201804	846229	665609	225538	273935	520344	235059	36199	149781	706252
160927	499732	779513	859829	612472	506395	112887	511435	721282	919400
387102	433221	960861	901435	432358	134939	415632	190127	901212	330353
603860	518281	889510	986516	731959	408063	918660	487791	108658	103024
517482	350695	527329	323679	237806	753967	925346	795397	364591	719520
459533	627962	141904	737717	474222	576612	430334	230769	917391	783683
673189	816757	382074	500544	622031	708604	594839	274335	992063	444868
99366	642599	620967	281390	780835	306239	696185	152327	582169	157169
57831	814422	446434	511430	207557	274064	756245	698271	713322	78149
843031	582537	986057	984097	988355	320951	707034	537522	359630	996565
89700	274384	614959	439836	233800	607940	518679	372406	568255	355506
437391	773099	687201	899796	441000	500102	76273	442980	247255	990623
517073	99929	44295	346437	392826	445396	417107	243863	97582	224506
176258	351043	317725	236895	86976	18463	758054	490787	242020	626861
400140	927986	845724	754673	436389	422709	388567	282872	835742	700765
316144	857051	446705	797227	14940	557225	142615	633658	511304	545329
352436	816433	299980	822932	89864	383627	434715	890950	19446	426141
676810	288338	651315	963512	503401	583747	457805	246894	839720	988636
801163	92671	474422	670858	266964	675836	379849	602443	879329	851982
495667	111619	63516	397537	745910	804705	521978	960336	586229	517005
542216	85472	769879	980037	409447	789314	506306	514784	957956	746018
672215	789750	491543	841103	316912	56499	831087	872083	24910	567310
909728	416292	758111	430340	242481	173182	162672	270238	927911	295447
399188	185787	523104	56307	184125	517744	868378	272684	418101	61778
951560	493633	628172	600165	222273	553700	496372	692440	800247	346128
751634	329655	356022	185277	828643	121	189798	662851	81952	602961
411947	287616	863280	183415	344422	546437	763466	900373	277871	830925
645883	691760	693727	141004	246873	283098	380168	213795	724887	590911
732487	171570	982581	807424	342970	423916	649794	800379	174775	875511
192217	696142	876136	11563	317132	99283	944392	880145	61378	391887
150665	782190	571869	29102	458872	983677	545936	260431	710161	84944
961313	787618	965033	795812	226631	20317	770658	951461	773330	448028
942786	237529	126271	60928	193344	105225	579096	677417	341155	533135
800276	115052	671596	517955	173127	832014	760744	273920	657984	426157
750834	15441	388524	679914	920499	912751	242379	242040	45624	507006
525408	197382	319494	314791	110127	257183	435635	781773	407984	374079
7624	560276	831458	202294	249491	461021	41325	511423	974670	387586
611919	928461	864187	587608	733899	229614	272751	347745	821521	342427
549401	520312	10536	298732	522884	461101	47874	114707	477487	447902
621726	894431	524188	772893	773563	102481	204906	197097	32751	551379
646437	152298	508410	661066	257244	861127	455639	941646	587329	651068
599417	782592	603600	619817	570752	300375	583312	939584	634085	411167
874081	207020	431522	404669	770154	743969	873328	469219	619497	741098
542079	190220	700980	131464	925970	768760	156771	389931	587255	501034
509468	364857	596444	383518	798410	586292	136952	35624	454584	915313
574002	943880	549771	426046	407449	118160	242289	599446	32267	783128
322077	731739	507515	390863	284469	686812	365179	22819	862440	653278
366815	590227	396785	143779	418405	412945	213021	824583	254765	277148
537124	773813	842780	496462	129701	112787	775968	172165	415978	322143
893319	114727	299646	983615	365828	789923	977407	820777	853634	458373
459100	480651	782685	315640	612956	636808	312470	946751	152287	365956
948360	313643	571808	807953	415854	402094	544408	72394	758165	307178
776432	785206	296918	437732	797835	691728	137050	218967	524093	287793
654572	459549	599080	278714	49670	307098	257437	835328	823667	775789
391494	849916	132557	503473	633624	441837	582217	480444	464368	312223
399743	168139	857305	286050	752894	132260	478793	44012	874565	901744
163284	261850	494138	44349	706756	515623	60344	197393	633637	640282
659293	152651	604390	455517	652507	534926	295643	239583	813935	7086
977906	164877	697924	56588	960060	499225	393635	314380	388908	783563
1702	884403	931925	824507	998043	428860	554026	800584	203464	890895
404857	752134	588963	394305	220926	995978	987483	349065	366776	372465
95156	618877	136969	220152	61015	184337	784544	62011	540666	339724
364906	564477	558046	540941	900282	868913	510486	461383	53849	181282
394543	722574	709831	940236	55825	752928	373355	604822	717429	596371
90144	458128	201242	488595	494690	198915	971185	519709	717029	957508
599557	155528	798772	603892	162966	734010	610877	774532	864744	896516
461815	351726	17798	543669	909870	336702	286453	701519	142341	924558
772134	489428	222533	83884	528798	660450	440838	304602	855870	247217
646468	441957	90568	246365	216005	221060	37919	489976	57350	403371
932350	369256	638444	249396	751515	370734	431773	405083	333299	992682
170615	458127	705406	802214	781052	54139	253677	505053	731099	126032
73641	157478	918315	245937	295725	543971	737107	96958	560848	596873
921506	201986	552439	556393	413218	656901	198960	488915	50841	681937
913859	991388	594995	808235	590217	111658	108220	781230	465900	882490
587822	611947	776651	365016	502600	541577	908239	573519	673177	859348
136004	648945	536588	748933	605690	350508	78193	123096	421156	436943
135899	197048	453955	710716	289826	234027	451130	729482	514134	914328
445459	341300	36557	423145	344022	855569	886699	830436	908408	97376
871583	234107	964169	470655	996751	579564	494242	508658	795630	307152
908364	20082	850007	860954	562740	207678	978528	769990	819286	100664
325846	676127	676307	561220	909498	359157	516658	205734	514406	337759
90515	473757	980138	492767	220332	406558	503802	271795	784957	11843
734191	124929	626345	64554	553478	872226	834547	664221	372921	81219
620769	900447	439243	194043	424658	371518	133880	226519	367210	473248
421300	537983	388693	356645	639727	848701	818100	88483	600799	817763
455110	838460	864564	299475	849097	421126	85784	355999	645136	814811
36291	165459	762206	685067	946670	466306	578457	942012	331541	992290
646774	767950	35028	22563	568055	841931	976035	846438	415169	998116
4656	830143	447261	832142	118151	264202	857963	625461	768810	200711
428206	193779	848289	849195	645251	43815	10933	959904	788693	416518
752612	658535	335669	654819	631639	276642	78885	791199	166202	347319
123297	532926	906344	197167	565471	107863	923329	281289	410680	976533
263444	173789	587630	530293	886036	209924	722919	386307	421407	573165
747890	275141	264703	243523	492617	601408	700378	337900	367444	625195
743198	444533	120887	72049	372684	791619	150653	579709	80924	51911
17394	155108	547397	510893	212187	357830	467299	532870	344315	870487
253880	252043	230118	842500	122259	318821	272402	206689	933553	78179
53952	41879	784780	493270	795191	955793	246908	702514	682	18992
946479	941127	444441	252016	854742	84006	406300	81474	475925	246197
197751	913687	634385	56766	568135	230078	521465	168625	119935	643107
203650	793436	819233	21742	732057	412246	973816	997794	398585	899850
980721	577654	589909	380813	436438	216299	257144	281963	627594	742334
149977	585471	903980	990203	989237	297403	427996	473964	62667	247953
882037	583082	160757	611126	594634	600179	873293	895065	33729	527116
420270	162006	983450	635177	420404	706394	504241	892751	839282	112035
650821	491127	962588	160419	46246	481512	383086	564019	529954	971975
873185	918714	679452	25875	301625	907370	668391	73740	788424	222794
537783	656973	611225	643658	979158	88708	328653	760103	646622	267833
939923	950333	86764	355068	290018	220610	478025	683761	537185	737843
401756	321544	41323	890482	963534	491291	501995	536460	643770	200602
401400	108270	579633	512927	461482	453928	591814	849112	204648	561732
345770	988003	777909	574937	2200	516056	473290	946808	736907	25967
427377	307404	583796	693680	217007	987415	30212	233688	975803	441429
440349	277014	772803	58430	55871	830853	300810	697632	592931	231969
636170	990716	699407	394255	772258	507708	793187	250891	570302	677279
862927	281413	597311	761217	573080	713810	674934	578345	873293	575411
429591	261441	94596	986426	861586	277240	266647	362212	356508	314567
997374	792795	52262	969607	204581	751254	946137	32323	643264	618157
776877	814354	456854	693336	151850	870541	604799	517673	40024	727178
382270	780805	521527	593463	900337	575903	222168	520144	600511	31248
270232	930071	765340	529589	973116	262507	10063	199986	990261	517014
646659	259372	230942	757680	22131	667526	664604	265259	351356	893778
635117	635415	595568	932390	480156	663858	260552	461800	514059	230422
829541	754167	408766	467194	602294	561697	547717	932556	927936	850483
556202	825786	666108	820255	817388	701784	423899	915194	575785	274470
158786	800576	656694	875898	723351	193249	253320	322376	346535	860595
631531	527276	156819	436533	713357	639193	371462	62038	619693	179457
572194	238332	599434	106530	423956	817872	429375	165761	981124	712459
351393	490579	311987	758989	558438	566048	745991	47795	636928	99050
714738	41108	789527	598472	129726	463341	818122	119690	174109	800505
622455	567163	246898	103082	805504	752507	251541	447908	359504	555231
517691	45229	15587	361503	920095	639821	973096	685622	84396	402251
651898	7926	935465	142401	859058	112375	822612	424247	792383	54939
904798	49479	183044	737123	196658	360440	151861	85724	581786	64889
869911	893325	633195	549276	837310	696668	896120	934845	707001	760947
540970	521163	438485	369435	739909	430785	746919	29045	471607	667104
420835	676129	639829	652223	230620	273932	543993	600156	800632	424992
260893	816100	200122	934365	901489	481973	178698	576937	558800	714702
667501	385334	710511	655325	756165	809746	204493	219015	1292	851254
956170	903882	707682	154686	120903	88365	925508	748367	87126	725026
24565	493983	628331	259128	348146	241908	977247	645924	83443	561368
584835	88811	135752	483933	507553	831698	669070	846910	289261	959361
277466	682217	329718	795973	307787	867724	785	258631	418868	253528
12384	556116	431312	461784	849889	382959	368536	103191	148304	565033
666180	787494	844302	528533	987259	850822	554037	205483	22035	883918
974691	243760	97015	526689	755021	197915	156187	605946	718603	181099
223943	620329	452274	789718	834562	735295	545691	375535	519729	536694
525837	258629	262738	93400	190744	247974	577862	602754	954039	518745
593975	346014	718243	318270	772754	424634	776526	665588	241119	505713
8968	84361	447559	476739	657263	257081	558442	525691	805708	810598
727711	439541	978384	322996	829124	328169	606256	109351	598876	194356
987449	974006	149358	202925	561160	120561	146027	229873	725659	623341
318629	89292	219180	643871	941466	226562	233158	545106	744663	252029
221424	555906	152348	20210	558845	77851	149001	198753	853851	971060
264950	564461	224226	46834	88905	869172	13651	289227	625365	152291
306087	259939	158411	2536	635337	202855	76951	253235	328946	355514
796316	876403	430460	25646	883381	606540	625937	526577	988375	263854
82152	949507	31153	878008	695269	333294	765342	262459	586002	274795
994926	560734	483141	316970	996183	69162	907811	532478	976407	617159
22625	68502	783036	131659	659689	363726	119538	351475	125321	519298
619790	56473	781386	490812	613551	842805	964772	253376	47298	177417
492583	170303	894692	721608	108535	852937	362361	13370	94428	123479
855885	467006	837505	429449	505506	740979	988639	793563	420946	186441
707067	279622	377480	992545	589237	542618	567777	831111	770620	331602
888463	907400	405136	56463	800898	124984	925225	408760	783208	370825
593307	872281	612672	674741	751870	888960	555512	864109	248449	119317
3486	146118	424094	319136	645215	719988	846210	214066	43508	838788
104091	360785	337270	974143	309825	804376	540154	632218	272570	611349
884059	905868	247164	926939	494259	469236	977309	346537	214429	158446
82869	410025	681332	780918	975744	286060	892338	897528	883129	265850
945874	975542	987207	760502	924227	838210	32050	978173	27806	532503
549216	667046	283312	229673	295093	520551	683977	501341	73449	572721
29131	684453	632997	27711	769834	895807	410175	653007	692746	806123
496329	624643	708575	210078	717065	366604	940585	215743	526057	90424
493967	796193	570508	626829	924793	333784	667991	912569	755427	538478
908034	145842	223705	132567	674867	873182	780503	840577	499130	174689
532354	956138	303420	395485	223387	9649	958295	530612	510946	74142
963523	729330	773573	795558	475624	304305	49399	505929	463374	785607
347440	456109	736319	674745	984404	636575	273571	849405	98720	885393
171879	893306	656031	670836	64484	725818	145990	464166	935728	703377
544850	344060	542638	993159	889520	785242	634767	23679	238795	955030
588416	997578	599041	313483	944564	246859	961061	885501	794782	458009
458300	272895	522987	993549	543508	931744	217491	404427	946872	113484
220213	661850	23581	922216	608983	468732	559792	912915	378688	370305
203247	865314	39673	852837	274194	273243	901734	306234	409862	710063
794167	827358	420539	72958	175809	719241	596885	688631	147266	391645
790633	424299	360484	999703	79254	51816	80251	530513	569853	314556
330052	112013	495035	476704	667553	114153	449339	892874	180043	175139
725930	401819	497177	533875	65490	115307	333071	729592	780619	949303
967091	619405	404108	121641	544146	762201	73607	923601	557421	292899
871545	830479	377571	160251	703793	149616	569207	402640	862667	102397
862880	148054	324886	141358	584492	413423	439385	699263	129820	460771
848514	56034	171258	692534	91497	212030	318996	592353	202784	754452
514776	274052	250905	819885	890407	957348	87416	854539	78340	263680
572000	344885	583303	976237	545082	405586	839487	306251	427035	613756
459148	619190	241406	264368	13792	80276	97232	869456	583391	766943
751669	866413	376035	180973	620426	250744	83016	571316	567244	519891
294744	692254	152775	548876	637370	686635	329185	390406	775501	422238
591649	594076	346575	742336	874282	716343	354218	535448	124934	724741
968583	470311	820829	935565	486847	655620	595563	29198	323103	708791
207025	841782	678017	191960	913732	642712	934586	786014	210144	172525
839164	541695	709855	818249	363969	84609	31799	67641	529028	592505
951567	991504	605403	592763	626637	728922	873015	390775	413655	113674
456537	585405	642447	127437	487480	762885	857692	411518	966279	523915
994607	231363	27680	254485	934994	21552	526315	746682	321203	294250
43874	276113	384114	537063	995935	10038	316116	309860	260340	795276
790368	927198	208758	947803	940183	302269	965287	865848	309626	315841
245132	46965	892801	801598	918916	450165	657086	15520	155094	494466
795820	77876	62932	591441	415777	884939	626169	545004	321255	192632
127617	421729	53329	989170	416066	219108	453729	994941	921711	771589
311705	735215	365197	896985	403265	497611	79308	483639	435996	787239
512277	744724	297974	894047	727215	422824	444797	472583	769540	485395
175789	224721	83002	432985	247573	132284	231747	10280	554828	339860
888934	397171	558178	954225	278830	345871	520267	511178	653993	508604
500014	405033	222472	272273	373898	122502	378172	867313	76069	31086
437495	530052	458495	689757	681519	6610	148978	104401	366676	319516
351714	171556	699293	130553	996271	972224	330709	169382	924913	616456
788672	484197	25138	521525	418637	141918	2528	526734	985830	989914
680629	547125	740031	72116	493268	187742	646361	181861	560555	901853
547626	379824	861488	798203	980981	447024	164535	327612	291568	548524
624692	133534	257779	559749	944139	460926	54974	497541	205746	646414
451532	387198	864215	265493	925791	619627	768691	235275	502385	628969
171951	736686	929884	610327	114881	151196	205592	432618	778581	631640
48677	441705	329939	680003	225338	220285	621960	613888	711321	514540
319119	992239	893262	109599	212489	565622	862389	98712	475231	670118
668026	500848	730614	854510	900107	598889	633109	266929	590714	434701
552990	848365	279975	671529	279593	985835	479247	738045	510376	224436
880277	30973	179617	750910	861061	162249	656358	247302	694586	986593
872943	942663	475638	948408	11173	200506	621916	824053	104617	250269
126422	412074	84763	800489	113860	410379	182613	314372	992408	626098
138594	174595	622566	463766	221664	290868	15439	997796	298080	430436
461037	30539	438797	195385	745861	398678	7574	999569	286525	901421
453438	929143	488077	842625	591680	973664	12862	650615	595057	256008
328478	84891	83748	876081	943226	750630	121564	934474	102170	256881
925272	357176	892670	127226	772883	583256	817681	449517	643144	617025
271252	934367	660170	473723	688617	195520	815260	104360	603393	797329
203470	237763	784743	205222	564775	229895	291894	950184	525280	204025
271712	193101	426688	388575	166754	577286	246346	573017	254755	128006
190788	273216	350420	629489	558833	103982	660280	465959	42118	182747
219077	701448	433633	475096	754842	391857	839724	367039	882919	702781
354415	962605	376741	13354	295861	696281	580611	540256	57634	412915
982115	975752	530617	390752	996998	526416	871391	630594	419377	856234
719750	841013	599436	909954	581975	781209	211043	106759	166881	463951
276839	333019	840858	938982	815862	62554	902594	3481	158599	892986
626669	918893	618841	514518	899108	537339	878247	894854	641895	205735
50798	127161	723346	970913	390839	855703	687356	673810	904894	492717
98267	707727	453515	144408	514438	408907	458820	588242	330843	829573
502875	499169	629308	350250	871650	454715	558623	556060	997522	563750
91865	488848	514430	571048	137350	457315	102521	424199	82319	319565
708331	949571	996484	365345	98982	80545	620624	337422	986217	254239
902550	115018	895736	671291	715666	4065	929280	450387	807173	320721
546128	820227	21703	539170	107541	305457	811679	661769	789062	308229
377119	581913	619229	134787	647257	80088	277778	35395	318788	983480
190515	2948	913451	699656	919326	241286	50807	588098	195842	588116
411668	462654	483015	1274	947695	379368	3401	466564	375318	996117
179366	568054	498579	715859	867671	933477	931151	950885	891189	738008
323312	582796	295827	756372	730938	441273	833879	164320	381000	175237
828998	51562	181170	110640	773840	774865	648036	795908	724033	708966
113010	678079	526561	998571	945889	617735	899270	717165	256477	863371
335691	949691	295798	308349	442924	228418	239985	248704	366242	860620
899936	714052	730550	179608	247697	714643	974163	273671	547623	477505
232345	280677	407757	345981	292122	511491	699281	58189	829738	816739
973662	297895	931017	485739	372879	908799	214272	323006	670061	824239
457091	155197	685937	463535	662352	228466	663479	640525	95853	529132
659641	681539	377680	553938	984002	340508	765727	8431	176299	536454
563236	171835	2352	973346	981939	407314	462885	645152	659534	672714
395269	134841	861325	259414	623129	477805	725129	410731	409521	505719
71383	52016	507700	616344	98257	760891	367625	136431	530305	35709
445233	362722	288593	456122	871786	339175	753580	85140	738621	591410
135585	105481	512466	995079	635665	546787	812793	546771	9785	376055
999550	300669	829515	785726	324396	948262	754703	61603	219673	931452
470782	573811	428513	79414	205893	137047	651192	946962	65630	886662
782965	101661	686197	334939	62109	167370	168758	135678	689744	119115
632803	794333	435942	750452	916595	234080	839587	412893	54631	706049
420174	585856	135533	494	306591	967979	840489	548427	563192	484364
277834	164586	741182	381338	154700	513028	523484	652087	956629	375042
684137	592692	964171	97317	273900	164688	842873	962356	95365	666973
371606	202123	442818	203191	109942	495438	886577	642808	851481	346030